Count_points Square_rec
100 0.9
600 0.970833
1100 0.9
1600 0.9375
2100 0.936905
2600 0.940385
3100 0.946371
3600 0.929167
4100 0.958232
4600 0.947826
5100 0.942647
5600 0.945313
6100 0.941803
6600 0.948485
7100 0.94507
7600 0.941941
8100 0.945062
8600 0.939535
9100 0.953297
9600 0.955208
10100 0.954208
10600 0.940684
11100 0.943694
11600 0.938147
12100 0.944318
12600 0.950595
13100 0.955534
13600 0.942004
14100 0.947252
14600 0.945719
15100 0.946689
15600 0.941106
16100 0.944332
16600 0.936973
17100 0.947588
17600 0.943253
18100 0.948066
18600 0.948118
19100 0.941688
19600 0.95102
20100 0.946891
20600 0.944417
21100 0.940047
21600 0.949537
22100 0.940724
22600 0.94646
23100 0.949405
23600 0.945922
24100 0.9486
24600 0.946443
25100 0.943227
25600 0.945215
26100 0.947079
26600 0.945677
27100 0.946033
27600 0.941304
28100 0.935721
28600 0.944493
29100 0.944674
29600 0.943877
30100 0.946304
30600 0.948366
31100 0.951407
31600 0.945728
32100 0.94521
32600 0.936963
33100 0.939955
33600 0.944754
34100 0.945271
34600 0.945809
35100 0.950534
35600 0.946454
36100 0.945187
36600 0.948566
37100 0.947136
37600 0.944581
38100 0.940551
38600 0.943135
39100 0.942391
39600 0.946086
40100 0.943423
40600 0.947198
41100 0.943735
41600 0.944381
42100 0.944359
42600 0.948298
43100 0.949884
43600 0.945814
44100 0.94487
44600 0.9463
45100 0.943875
45600 0.943147
46100 0.947695
46600 0.945923
47100 0.9444
47600 0.949422
48100 0.942594
48600 0.944162
49100 0.94193
49600 0.943725
50100 0.946282
50600 0.949111
51100 0.947187
51600 0.948789
52100 0.943378
52600 0.946649
53100 0.943362
53600 0.944916
54100 0.948221
54600 0.946177
55100 0.945168
55600 0.945414
56100 0.942736
56600 0.943971
57100 0.941265
57600 0.944835
58100 0.943051
58600 0.946672
59100 0.945008
59600 0.944211
60100 0.946111
60600 0.948267
61100 0.941121
61600 0.946023
62100 0.944324
62600 0.942532
63100 0.945979
63600 0.944123
64100 0.943818
64600 0.945995
65100 0.942339
65600 0.943102
66100 0.944932
66600 0.945739
67100 0.947075
67600 0.94473
68100 0.942952
68600 0.947668
69100 0.945423
69600 0.942349
70100 0.94515
70600 0.943307
71100 0.943284
71600 0.946194
72100 0.945614
72600 0.942493
73100 0.941142
73600 0.947368
74100 0.944568
74600 0.946464
75100 0.943758
75600 0.940923
76100 0.946797
76600 0.945007
77100 0.943223
77600 0.942526
78100 0.943198
78600 0.94709
79100 0.944327
79600 0.944582
80100 0.945958
80600 0.943192
81100 0.945546
81600 0.946124
82100 0.942935
82600 0.942903
83100 0.946029
83600 0.945754
84100 0.945095
84600 0.94208
85100 0.943096
85600 0.944977
86100 0.943641
86600 0.946391
87100 0.946943
87600 0.946005
88100 0.942083
88600 0.943313
89100 0.945623
89600 0.943862
90100 0.945436
90600 0.945875
91100 0.943345
91600 0.945715
92100 0.94316
92600 0.942333
93100 0.946388
93600 0.946514
94100 0.945829
94600 0.945877
95100 0.94419
95600 0.944521
96100 0.942339
96600 0.945018
97100 0.942276
97600 0.942392
98100 0.942049
98600 0.946412
99100 0.945295
99600 0.944265