Count_points Square_rec
100 1.06943
600 1.02082
1100 0.857316
1600 0.881069
2100 0.879622
2600 1.02082
3100 0.947124
3600 0.923603
4100 0.974585
4600 0.940511
5100 0.955057
5600 0.869784
6100 0.925994
6600 0.969267
7100 0.901009
7600 0.955584
8100 0.963812
8600 0.900993
9100 0.908112
9600 0.97829
10100 0.974139
10600 0.937361
11100 0.937179
11600 0.897621
12100 0.959358
12600 0.929004
13100 0.944754
13600 0.950768
14100 0.993589
14600 0.964889
15100 0.920062
15600 0.941053
16100 0.922697
16600 0.966943
17100 0.958
17600 0.923603
18100 0.933003
18600 0.988417
19100 0.954398
19600 0.976678
20100 0.967377
20600 0.957583
21100 0.929823
21600 0.931255
22100 0.906226
22600 0.93909
23100 0.978106
23600 0.944613
24100 0.918964
24600 0.950082
25100 0.916437
25600 0.935756
26100 0.940924
26600 0.938954
27100 0.952124
27600 0.969396
28100 0.917894
28600 0.934481
29100 0.956511
29600 0.928858
30100 0.93733
30600 0.947114
31100 0.948143
31600 0.962984
32100 0.951921
32600 0.963267
33100 0.934324
33600 0.943279
34100 0.934009
34600 0.941305
35100 0.955872
35600 0.92688
36100 0.966019
36600 0.945916
37100 0.953084
37600 0.945581
38100 0.953076
38600 0.935189
39100 0.930192
39600 0.949872
40100 0.917663
40600 0.941563
41100 0.94572
41600 0.937158
42100 0.941731
42600 0.953043
43100 0.942889
43600 0.953706
44100 0.939145
44600 0.946055
45100 0.948286
45600 0.947269
46100 0.95492
46600 0.95907
47100 0.946412
47600 0.940351
48100 0.930374
48600 0.928404
49100 0.932612
49600 0.947516
50100 0.947181
50600 0.974135
51100 0.966125
51600 0.955256
52100 0.950008
52600 0.946707
53100 0.945848
53600 0.937932
54100 0.955681
54600 0.953695
55100 0.949276
55600 0.945285
56100 0.940673
56600 0.957613
57100 0.922496
57600 0.933561
58100 0.942261
58600 0.944839
59100 0.947538
59600 0.93861
60100 0.946008
60600 0.945101
61100 0.929888
61600 0.941753
62100 0.931196
62600 0.940376
63100 0.940474
63600 0.932469
64100 0.946733
64600 0.952498
65100 0.959968
65600 0.957541
66100 0.936473
66600 0.924479
67100 0.942221
67600 0.939423
68100 0.954939
68600 0.949822
69100 0.943371
69600 0.950423
70100 0.938928
70600 0.969184
71100 0.947601
71600 0.950352
72100 0.944841
72600 0.951055
73100 0.946146
73600 0.959797
74100 0.938494
74600 0.957878
75100 0.943604
75600 0.961283
76100 0.960971
76600 0.948733
77100 0.940689
77600 0.929491
78100 0.963126
78600 0.953413
79100 0.937184
79600 0.944733
80100 0.952429
80600 0.950019
81100 0.955191
81600 0.933134
82100 0.93503
82600 0.94114
83100 0.951272
83600 0.941396
84100 0.949324
84600 0.934175
85100 0.941025
85600 0.944047
86100 0.943871
86600 0.960426
87100 0.956475
87600 0.935145
88100 0.942529
88600 0.934027
89100 0.928131
89600 0.93977
90100 0.926894
90600 0.956547
91100 0.946494
91600 0.938038
92100 0.931995
92600 0.951635
93100 0.954879
93600 0.952998
94100 0.947314
94600 0.941691
95100 0.936637
95600 0.928586
96100 0.943583
96600 0.941316
97100 0.948083
97600 0.95269
98100 0.943672
98600 0.945493
99100 0.950042
99600 0.935219