500 0
600 195.4
700 194.8
800 148.4
900 207
1000 212.4
1100 192
1200 194.8
1300 0
1400 201.2
1500 195.8
1600 215.8
1700 0
1800 191.4
1900 374.8
2000 196
2100 180.6
2200 388.6
2300 391
2400 398.2
2500 389.4
2600 385.2
2700 389.4
2800 389.2
2900 194.8
3000 389.2
3100 389.4
3200 584.4
3300 389.4
3400 387.4
3500 393
3600 566.4
3700 390
3800 527.4
3900 693.2
4000 580.6
4100 584.4
4200 388
4300 584.2
4400 391.2
4500 584
4600 583
4700 786.4
4800 742.4
4900 701.6
5000 778.4
5100 584
5200 583.8
5300 860.6
5400 787.2
5500 646
5600 777.8
5700 1043.4
5800 584
5900 584
6000 389.2
6100 778.8
6200 981.6
6300 971.4
6400 1269.4
6500 584
6600 879
6700 973.4
6800 778.6
6900 778.6
7000 778.6
7100 977
7200 971
7300 967
7400 973.2
7500 1325.2
7600 988.6
7700 1159.6
7800 1169.8
7900 1165.8
8000 1172.2
8100 1301
8200 1629
8300 1167.8
8400 973.2
8500 1160.2
8600 1166.4
8700 1159.6
8800 1168.2
8900 1600.4
9000 1381.8
9100 1362.6
9200 1187.4
9300 1216.6
9400 1342.2
9500 973.4
9600 1167.6
9700 1360.8
9800 1752.2
9900 1366.4
10000 1982.2
