500 0
600 0
700 194.4
800 194.4
900 193.6
1000 164.6
1100 191
1200 178.6
1300 411.4
1400 191
1500 194.8
1600 381.2
1700 210.2
1800 193.4
1900 388.2
2000 387.4
2100 403
2200 194
2300 195.8
2400 376.8
2500 585
2600 389.8
2700 388
2800 389.6
2900 389.4
3000 389.6
3100 389.4
3200 389.2
3300 580.4
3400 782.2
3500 583
3600 586.8
3700 583.6
3800 557.4
3900 604.4
4000 582.6
4100 583.8
4200 801.8
4300 581
4400 779.2
4500 583.8
4600 778.6
4700 583.6
4800 1234.6
4900 952.2
5000 764.6
5100 778.6
5200 973.4
5300 996.8
5400 1701
5500 1167.2
5600 973.6
5700 1171.6
5800 973.4
5900 973.2
6000 973.2
6100 776.8
6200 973.4
6300 1364.6
6400 1723.6
6500 1168
6600 1054.4
6700 1026.8
6800 1168
6900 1367.2
7000 1165.8
7100 1168
7200 1170.4
7300 1093
7400 1362.8
7500 1473.4
7600 1546.8
7700 1582.4
7800 1786
7900 1812.8
8000 2059.8
8100 1718.4
8200 1851
8300 1764.6
8400 1563.4
8500 1891.2
8600 1766.4
8700 1752.2
8800 1362.6
8900 1601.6
9000 1353.8
9100 1946.4
9200 1751.8
9300 1764.2
9400 1560.6
9500 1553.8
9600 2180
9700 1944.8
9800 1751.2
9900 1751.6
10000 2101
