500 178.8
600 0
700 0
800 0
900 182.2
1000 193.4
1100 200.4
1200 0
1300 174.8
1400 191.8
1500 209.8
1600 0
1700 197
1800 193.4
1900 207.2
2000 192.2
2100 390.6
2200 196.4
2300 194
2400 194
2500 181
2600 198.6
2700 194.8
2800 194.6
2900 389.2
3000 389.2
3100 593.8
3200 389
3300 383.4
3400 412.8
3500 389.4
3600 584
3700 388.6
3800 310
3900 410.4
4000 566.4
4100 602.6
4200 584.2
4300 583.4
4400 583.8
4500 1027.4
4600 392
4700 581.6
4800 765
4900 460.4
5000 777.4
5100 778.8
5200 584
5300 583.8
5400 777.8
5500 660
5600 665.4
5700 580.2
5800 827.8
5900 778.8
6000 778.8
6100 687
6200 1167.6
6300 778.6
6400 937.8
6500 778.6
6600 778.6
6700 966.2
6800 1141
6900 389.4
7000 584.2
7100 1034.8
7200 1362.8
7300 970
7400 1087.4
7500 1192.8
7600 1191.2
7700 1047.2
7800 1358.4
7900 1616.4
8000 1557.8
8100 1179
8200 1371.4
8300 1352.4
8400 1364.2
8500 1168.2
8600 975.8
8700 966.8
8800 1164.8
8900 1168.6
9000 1531.6
9100 1354.8
9200 1362.6
9300 1498.8
9400 1172.8
9500 1363.2
9600 1167.4
9700 1168.2
9800 1168.6
9900 1356
10000 1184.2
