500 0
600 0
700 0
800 194.6
900 99.6
1000 389.2
1100 419.4
1200 176.6
1300 180.2
1400 197
1500 191.6
1600 193.8
1700 195
1800 195.8
1900 390.8
2000 386.8
2100 388.4
2200 390
2300 393.8
2400 388.2
2500 392.6
2600 395.4
2700 752.4
2800 584
2900 584
3000 584
3100 584
3200 584
3300 584
3400 975
3500 778.8
3600 760.8
3700 773
3800 778.6
3900 797.4
4000 1029.4
4100 778.6
4200 782.6
4300 762.2
4400 973.2
4500 760.2
4600 975.4
4700 779.8
4800 1128.6
4900 964
5000 1167
5100 993.2
5200 973.4
5300 1168.2
5400 973.4
5500 972.4
5600 1167.8
5700 1179.8
5800 1362.6
5900 973.4
6000 1362.8
6100 994.2
6200 1362.6
6300 1168
6400 1167.8
6500 1362.6
6600 1168
6700 1555.6
6800 1168
6900 1362.8
7000 1513
7100 1629.8
7200 1364.8
7300 1362.8
7400 1168
7500 1764
7600 1833.8
7700 1938.6
7800 1772.6
7900 2181.6
8000 1830.2
8100 1563.8
8200 1451.8
8300 1950.6
8400 2356
8500 1998.6
8600 1751.6
8700 2137.6
8800 1558
8900 1947.4
9000 1750
9100 1755.2
9200 1872.4
9300 2137.2
9400 1884.2
9500 1951.6
9600 1754
9700 2144.2
9800 2320.8
9900 2352.4
10000 2716.6
