500 0
600 198.4
700 195
800 0
900 216.2
1000 204.6
1100 180.6
1200 384.4
1300 194.2
1400 210.6
1500 174.8
1600 197.8
1700 329.8
1800 194
1900 196
2000 197.6
2100 389.2
2200 575.4
2300 194.6
2400 194.8
2500 191.6
2600 377.6
2700 389.4
2800 389.4
2900 389.4
3000 389.2
3100 389.2
3200 389.4
3300 584
3400 583
3500 599.6
3600 403.6
3700 584.4
3800 561.2
3900 583.4
4000 584.8
4100 584.2
4200 583.8
4300 797.6
4400 584.4
4500 384.2
4600 585.4
4700 775.4
4800 829.8
4900 568.4
5000 533.6
5100 588.2
5200 778.6
5300 813.4
5400 973.2
5500 779.2
5600 779
5700 767.6
5800 778.8
5900 879.2
6000 778.6
6100 972.8
6200 778.8
6300 778.8
6400 973.4
6500 1168
6600 1276.8
6700 973.4
6800 1181
6900 973.2
7000 964.2
7100 973.4
7200 973.4
7300 973.2
7400 1557.4
7500 1159.6
7600 1464.4
7700 1173
7800 1370.8
7900 1183.2
8000 1365.2
8100 1356.6
8200 1415
8300 1767.2
8400 1552.6
8500 1529.8
8600 1363.4
8700 1366.2
8800 1361.8
8900 1360.2
9000 1167.8
9100 1361.4
9200 1533.4
9300 1352.4
9400 1564.8
9500 1354.2
9600 1554.4
9700 1363
9800 1574.6
9900 1362.2
10000 1743.2
