500 214.6
600 0
700 194.8
800 194.8
900 176.4
1000 214.4
1100 185.6
1200 210.8
1300 194.6
1400 194.8
1500 389.2
1600 193.4
1700 392
1800 392
1900 191
2000 194.6
2100 194.8
2200 398.2
2300 387.8
2400 394
2500 389
2600 398
2700 585.2
2800 389.2
2900 583.8
3000 389.4
3100 389.4
3200 389.4
3300 587.6
3400 407.2
3500 389.2
3600 584.4
3700 973.4
3800 476.8
3900 586.2
4000 587.8
4100 584
4200 764.4
4300 584.4
4400 778.8
4500 778.8
4600 607
4700 779.2
4800 844.4
4900 990.8
5000 792
5100 778.8
5200 778.6
5300 1029.6
5400 973.6
5500 778
5600 778.6
5700 777.4
5800 778.6
5900 785
6000 973.4
6100 778.8
6200 973.2
6300 973.4
6400 977.2
6500 973.4
6600 990.4
6700 973.2
6800 974.4
6900 973.4
7000 1364.8
7100 973.6
7200 973.2
7300 1557.4
7400 973.2
7500 1528
7600 1547
7700 1277
7800 1570.8
7900 1632.2
8000 1739.6
8100 1165.2
8200 1752.8
8300 1367
8400 1356.2
8500 1371.4
8600 1178.6
8700 1558.4
8800 1755.8
8900 1557.8
9000 1753
9100 1929.6
9200 1557.4
9300 1644
9400 1557.2
9500 1950.8
9600 1366
9700 1556.4
9800 1749.8
9900 1751.4
10000 1363
