500 374.4 195 193.4 194.4 281.1
600 389.2 194.6 196.3 195.7 323
700 292 194.7 194.7 194.7 194.7
800 197.1 0 88.1 95.5 297.9
900 291.3 194.3 195 189 193.6
1000 194.7 205.3 194.6 207 262.2
1100 194.6 194.3 194.6 389.3 292
1200 283.7 194.6 194.7 194.6 292
1300 345.7 264.7 267.6 292 389.4
1400 389.4 292 292 194.5 389.3
1500 389.4 291.9 292.2 292 389.4
1600 583.8 347.7 389.3 389.3 486.7
1700 499.1 389.3 292 292 498.7
1800 486.7 374.8 243.4 486.6 486.7
1900 486.6 432.1 401.2 520.1 521.4
2000 565.9 410.4 594.2 561.2 1204.9
2100 709.9 739 973.3 746.5 583.9
2200 612.5 473.4 486.7 486.6 628.3
2300 834.9 488.8 487.2 486.2 584
2400 488.9 486 486.3 581 588
2500 653.1 490.3 702 691.9 645.3
2600 660.9 631.5 1474.4 1460.6 2085.5
2700 1411 1460.8 652.3 634.8 778.5
2800 779.1 584 639.9 583.3 933.6
2900 785.7 1014.2 682.7 684.4 889.7
3000 933.4 681.6 624.7 749.6 877.2
3100 885.6 745.8 585.7 775 1005
3200 1078 702.9 686.1 751.1 1007.4
3300 992.9 803.4 775.8 794.8 843.7
3400 1036.8 756.6 820.9 883.2 858.1
3500 993.3 1099.1 972.8 1167.8 1175.7
3600 1265.4 973.3 1080.2 1233.5 1172.9
3700 1302.6 1062.3 1463.6 973.5 875.8
3800 1178.3 1595.5 1265.4 1001 973.1
3900 988.1 973.3 878.2 967.9 1082.3
4000 1077.4 873 965.4 909.7 1006.2
4100 1054.5 972.9 966 888.9 1070.7
4200 1071 980.9 973.5 974.9 1161.2
4300 1070.7 972.8 973.4 979 1177.3
4400 1168 963.9 973.1 969.5 1175.8
4500 1070.7 1168.1 1070.6 973.3 1176.7
4600 1168 1070.7 973.3 973.3 1214.5
4700 1265.3 1070.7 1070.6 973.3 1364.3
4800 1168 1070.6 1168.5 1070.6 1567.2
4900 1168 1070.7 1136.3 1168 1465.8
5000 1265.3 1070.6 1179.4 1236.8 1460
5100 1265.3 1078.3 1215.5 1170.1 1557.3
5200 1388.3 1168 1120.6 1168 1565.5
5300 1459.9 1265.4 1274.9 1191.6 1654.6
5400 1436.1 1265.4 1168 1265.3 1557.3
5500 1495.7 1362.6 1168 1265.4 1654.7
5600 1557.4 2246.4 1264.9 1265.3 1660.3
5700 1549.7 1362.7 1274.7 1362.7 1751.8
5800 1747.4 1361.4 1257.3 1459.9 1968
5900 1654.6 1460.1 1264.8 1369.9 1860.9
6000 1848.3 1450.9 1362.8 1459.9 1959.9
6100 1879.5 1461.2 1451.1 1468.9 1954.9
6200 1871.6 1575.8 1369.4 1597.3 2036.3
6300 1839.8 1550.1 1452 1558.6 2077.8
6400 1947.7 1559.4 1355.3 1614.7 2141.4
6500 1906.1 1556.6 1421.8 1628.1 1752
6600 1972.3 1655.1 1500.4 1654.6 1654.7
6700 1954.2 1565.3 1550.4 1835.5 1759.7
6800 1954.4 1653.8 1547.9 1751.9 1752
6900 2035.5 1654.8 1557.3 1751.6 1654.7
7000 2042.7 1745.3 1556.4 1858.5 1856.6
7100 2044 1744.7 1642.1 1849.3 1878.8
7200 2044.3 1744.6 1685.1 1949.8 2142.1
7300 2044.3 1839.5 1653.8 1946.7 1970.2
7400 2133.5 1758.6 1738.8 1966 1963.9
7500 2238.6 1869 1750.1 2044 2069.3
7600 2141.8 1849.6 1849.7 2080.2 2149.9
7700 2143.3 1852.7 1942.9 2043.9 2044.9
7800 2133 1947.1 1839.7 2044 2143.8
7900 2237 1938.3 1849.3 1849.8 2149.5
8000 2238.8 1942.5 1939.3 1849.3 2238.7
8100 2326.5 1945 1946.2 1946 2238.9
8200 2238.7 1946.7 1856.5 1946.7 2238.7
8300 2380.8 2055.8 1947.1 2034.4 2326.4
8400 2336 2036.2 2043.6 2044.4 2314.6
8500 2433.4 2036.7 2044 2043 2365.2
8600 2433.4 2052.4 2132.7 2141 2523.1
8700 2326.8 2036.7 2049.1 2127.2 2528.5
8800 2510 2079.7 2206.2 2108.1 2521.9
8900 2530.6 2229.5 2240.4 2141.3 2642.4
9000 2531.3 2213.8 2183.6 2141.4 2582.3
9100 2440.1 2133.4 2238.7 2231.2 2718.1
9200 2539.4 2230.8 2245.8 2263.2 2695.2
9300 2569.1 2283 2230.7 2375.2 2830.4
9400 2547.1 2343.2 2311.1 2335.8 2823.3
9500 2661.5 2238.8 2353.2 2328.8 2815.6
9600 2635.1 2231 2336 2335.6 2830.5
9700 2635.6 2338.4 2433.3 2434.3 3024.6
9800 2641 2335.9 2433.3 2433.4 2912.1
9900 2629.4 2447.8 2522.9 2433.3 3009.5
10000 2717.7 2433.3 2459 2506.7 3114
