500 292.4 194.3 195.2 108.6 99.1
600 389.4 291.7 196 193.8 193.2
700 292.1 97.4 97.3 97.3 163.4
800 191.9 205.2 203.4 97.4 109.3
900 194.7 97.4 194.3 97.4 97
1000 194.7 193.1 248.2 197.9 149
1100 291.6 194.1 198.6 194.7 194.7
1200 354.3 194.6 194.7 194.6 194.7
1300 363.5 291.9 206.5 259.5 97.3
1400 292 292 194.7 292.1 97.3
1500 389.2 389.4 291.9 292.1 194.6
1600 506 347.7 194.8 194.7 194.6
1700 421.8 389.4 389.8 292 291.9
1800 486.6 397.4 390.7 220.2 217.8
1900 486.5 388 335.3 288.8 194.7
2000 546.7 389.3 402.2 516.7 564.3
2100 889.2 778.6 915.9 584 296
2200 860.8 619.9 487.1 389.3 740.7
2300 778.6 484.7 390.5 389.3 389.3
2400 581.8 486.2 498.3 380.5 387.1
2500 670.1 486.4 512.3 397.4 298
2600 645.5 703.1 1201.5 1141.6 1387.6
2700 2391.4 1057.2 523.5 455.8 389.1
2800 681.3 584 591.9 527.6 446.7
2900 827.6 727.2 582.4 546.6 447.8
3000 940.7 681.1 629.8 527.8 388.1
3100 995 741.1 699.2 504.8 389.6
3200 982.7 681.5 584.6 478 499.3
3300 991.8 767.8 685.6 584.1 645.1
3400 1076.7 825.6 700.8 631.4 611
3500 1106.2 901.5 1181.7 877.2 681.2
3600 1460 1168.1 874 889.6 877.5
3700 1147.9 1070.6 1078.5 583.9 584.1
3800 2400.8 1749.2 981.1 605.8 573.3
3900 1082.8 876 903.3 611.1 646.5
4000 1201.4 952.3 785.8 786.9 682.7
4100 1179.6 876 778.2 779 688.5
4200 1069.7 965.7 778.5 777.2 681.3
4300 1168.1 878 883.9 867.1 776.6
4400 1177.2 973.3 829.8 871.9 712.3
4500 1168 973.4 876.1 973.2 778.7
4600 1273 973.3 876 876 778.6
4700 1274.2 1070.6 876.1 973.3 778.6
4800 1276 1078.6 927.7 876 838.6
4900 1417 1105.6 973.3 876 778.6
5000 1265.4 1070.8 886.9 929.8 876
5100 1356.9 1179.8 973.4 1005.8 783.7
5200 1362.5 1168 1070.6 973.3 862.5
5300 1479.9 1265.4 1168.3 1070.7 876
5400 1460 1265.3 1168 983.6 982.6
5500 1566.7 1265.4 1265.4 1070.6 951.9
5600 1787 1377.5 1158.5 1080.3 870.2
5700 1752 1459.9 1263.7 1078.7 965.7
5800 1757.6 1549.9 1265.3 1080.4 1037.3
5900 1856.9 1559.3 1266.9 1213.7 1070.6
6000 1848.6 1362.7 1355.3 1168 982.7
6100 1938.7 1458.8 1273 1159.5 1070
6200 2148.5 1555.4 1364.7 1169.2 1070.6
6300 2053.2 1557.3 1362.7 1070.5 1070.7
6400 2035.3 1568.1 1439.3 1265.4 1070.6
6500 2149 1653.5 1482.5 1257.2 1175.9
6600 2036.6 1671.8 1456.4 1362.7 1265.4
6700 2134.2 1672.1 1460.2 1265.9 1258.2
6800 2133.4 1655.4 1460 1258 1273.5
6900 2149 1751.7 1490.3 1185.1 1273
7000 2134.6 1751.5 1654.9 1361.3 1355.4
7100 2248.3 1759.3 1520 1362.7 1355.3
7200 2133.2 1776.7 1493.2 1359.5 1362.4
7300 2239 1759.4 1557.5 1362.6 1343.7
7400 2275.2 1849.3 1557.4 1459.4 1426.8
7500 2297.7 1856.9 1695.8 1459.9 1460.1
7600 2346.4 1849.3 1549.3 1451.8 1354.5
7700 2336 1850.3 1698.3 1468.5 1458.6
7800 2336 1849.1 1662.4 1565.1 1547.9
7900 2343.8 1946.7 1690.4 1656.7 1556.9
8000 2426 1950.7 1557.3 1759.7 1460
8100 2335.9 1948.3 1655.7 1752.1 1571.4
8200 2433.3 2044 1752.5 1647.2 1577.5
8300 2429.1 2036.5 1751.9 1761.5 1623.5
8400 2532.9 2043.9 1754.3 1737.3 1654.7
8500 2538.4 2115 1752.5 1849.7 1645.1
8600 2530.6 2230.8 1845.8 1760.1 1664.3
8700 2637.1 2141.3 1854.5 1848.9 1616.1
8800 2531.1 2168 1841.7 1849.3 1662.3
8900 2538 2149.3 1848.4 1946.7 1662.4
9000 2619.7 2239 1849.2 1931.4 1654.7
9100 2726.1 2238.7 1948.1 1953.5 1778
9200 2723.4 2238.7 1947.8 1945.4 1752.6
9300 2718.3 2328.1 1953.9 1982 1745.7
9400 2822.6 2231.5 1946.6 1939.2 1760.1
9500 2741.9 2379.7 1946.6 2071.4 1856.4
9600 2843.1 2336 2051.7 2044.4 1841.4
9700 2833.8 2333.6 2051.6 2045 1849.3
9800 2851.9 2336.6 2149.2 2054.1 1946.7
9900 2918.5 2336.1 1954.8 2141.4 1849.3
10000 2822.6 2433.4 2142 2102.3 1841.4
