500 454.8 291.6 193 292.3 208.8
600 389.3 292.4 235.4 291.6 291.4
700 389.3 291.9 97.3 194.6 97.4
800 204.2 282.9 193.6 187.4 194.7
900 195.4 195 194.7 200.7 195.6
1000 291.6 194.7 194.7 193.1 199.7
1100 389.4 293.5 291.9 385 389.2
1200 297.9 294.3 292 292.1 292
1300 422.6 366.5 292 291.9 268.3
1400 388.9 389.3 292 292.1 292
1500 451 389.5 291.9 194.6 291.9
1600 590.6 447 292.2 389.2 389.3
1700 508 389.5 316.9 389.1 389.2
1800 584 490.4 434 489.4 392.2
1900 590.3 518 506.5 360.4 399.3
2000 584.2 511.6 616.6 636.7 838.4
2100 989.7 1061.3 778.6 975.4 584
2200 743.4 734.4 486.6 486.5 584
2300 1340.5 584 486.7 582.3 486.7
2400 788 584.5 575.8 486.9 591.2
2500 779 657 556 784.9 596.4
2600 835.6 636.4 1324.7 1705.6 1634.8
2700 2132.7 2304.8 928 594.7 677.6
2800 894.1 876 681.3 707.5 770
2900 1082.1 1354.8 675.8 682.9 803.4
3000 1033.7 884.4 778.6 681.3 703.1
3100 1090.5 951.1 811.9 800.5 787.2
3200 1411.2 973.5 905.2 734.6 875.6
3300 1272.8 972.1 1029.7 967.3 878.1
3400 1172.7 963.2 942 862.3 877.8
3500 1157.4 1160.9 1190.6 1520.6 1176.5
3600 1607.7 1363 1167.8 1280.6 1234.9
3700 1604.3 1361.6 1354.7 1167.9 876.2
3800 1322.1 2682.6 2141.3 880 975.4
3900 1277 1101.1 1095.6 1173.5 1004.5
4000 1321.8 1083.4 973.5 966.1 1062.4
4100 1441.7 1175.1 1071.3 1033 965.8
4200 1460.8 1160.7 1070.7 1078.1 1070.4
4300 1460 1273 1158.7 1066 1070.6
4400 1452.4 1234.4 1175.4 1168.3 1168
4500 1460 1271.6 1273.6 1187.1 1265.5
4600 1460 1297.8 1269.1 1197.1 1271
4700 1517.6 1289.1 1195.3 1265.3 1184.7
4800 1557.3 1362.7 1172.6 1220.3 1265.4
4900 1565.7 1362.6 1276.2 1265.3 1265.4
5000 1622.5 1459.9 1362.6 1362.7 1265.4
5100 1654.6 1460.2 1265.4 1362.6 1291.5
5200 1654.7 1460 1459 1362.7 1382
5300 1752.1 1557.3 1384.3 1373.5 1362.7
5400 1849.9 1654.6 1500 1460 1460.4
5500 1945 1654.7 1598.2 1460.3 1460
5600 1921.2 2631.9 1581.4 1557.4 1547.8
5700 2051.6 1752 1557.4 1452.2 1654.5
5800 2043.8 1849.9 1591.2 1557.4 1645
5900 2230.6 1849.3 1653.3 1645.3 1646.9
6000 2141.5 1849.3 1661.9 1557.4 1654.7
6100 2238.6 1954.2 1656.4 1646.5 1751.6
6200 2328.7 1954.5 1760.5 1652.8 1750.8
6300 2435.3 1944.7 1760 1662.7 1751.1
6400 2334.2 1953.8 1856.7 1726.6 1849.2
6500 2584.3 2048.9 1861.3 1768.1 1752
6600 2433.4 2051.3 1849.4 1752 1849.3
6700 2426.1 2140.9 1955.6 1857 1779.9
6800 2521.1 2053 1948 1856.8 1849.3
6900 2575 2343.8 1939 1896.1 1946.7
7000 2628.8 2148 1954.8 1880.6 1841.5
7100 2603.6 2043.9 2046.1 1935.4 1946.6
7200 2635.9 2246 2044.5 1998.4 2148.6
7300 2726.8 2248.5 2142 1939.3 1946.7
7400 2733.2 2299.3 2101.7 2043.5 2006
7500 2720.2 2254.5 2143.4 2028.1 1995.9
7600 2733.8 2343.6 2141.1 2080.5 2052
7700 2822.6 2340.5 2133.8 2133.3 2238.3
7800 2821.8 2440.8 2240.6 2133.6 2140.8
7900 2919.8 2433.9 2238.6 2237.9 2228.7
8000 2822.1 2441.2 2238.3 2238.7 2231
8100 2908.6 2606.8 2318.5 2238.3 2259.3
8200 3009 2530.7 2336 2335.5 2358
8300 2949 2541.9 2336 2345.7 2336.1
8400 3024.6 2626.4 2343.8 2334.1 2359.9
8500 3017.3 2628 2433.3 2434 2426
8600 3034.8 2628 2441.5 2423.7 2432.8
8700 3114.2 2723.6 2562 2530.8 2432.4
8800 3114.7 2822.2 2530.6 2530.9 2568.9
8900 3114.7 2727.2 2529.9 2522.7 2533.3
9000 3138.7 2725.3 2601 2627.9 2633.9
9100 3212.2 2735.4 2635.7 2529.4 2530.6
9200 3205.8 2789.7 2628 2558.2 2675.1
9300 3309.3 2831.4 2664.1 2666.5 2683.3
9400 3278.5 2851.8 2732.5 2733 2725.4
9500 3309.3 2919.6 2733.3 2769.8 2732.9
9600 3306.7 3016.9 2822.7 2725.3 2815
9700 3397.6 2927.4 2815.3 2725.4 2847.5
9800 3524.7 3016.9 2831 2822 2920.5
9900 3511.9 3017.9 2830.3 2911.9 2927.8
10000 3504.3 3138.1 2822.6 2872.3 2928.6
