500 649.2
600 996
700 739.8
800 443.3
900 486.6
1000 584.1
1100 486.6
1200 564.3
1300 702.2
1400 699.4
1500 785
1600 737
1700 877
1800 876
1900 955.5
2000 1070.8
2100 1823.6
2200 1071.6
2300 2724.9
2400 1168
2500 1362.3
2600 1333.4
2700 2984.9
2800 1623.3
2900 1624.9
3000 1648.1
3100 1710.3
3200 1559.4
3300 1776
3400 1851.8
3500 1994
3600 2530.1
3700 1955.7
3800 2149
3900 2124.5
4000 2154.2
4100 2166.5
4200 2206.4
4300 2328.4
4400 2342.6
4500 2247.8
4600 2486.2
4700 2530.7
4800 2539.5
4900 2595.8
5000 2633.4
5100 2725.4
5200 2799.9
5300 2833.6
5400 2930.5
5500 2921.6
5600 3025.1
5700 3017.4
5800 3122
5900 3115.1
6000 3294.5
6100 3301.6
6200 3308.7
6300 3406.9
6400 3506.2
6500 3893.6
6600 3599.9
6700 3705.9
6800 3711.9
6900 3788.3
7000 3901.9
7100 3857.5
7200 3920.6
7300 3995.4
7400 3983.2
7500 4163.9
7600 4080.3
7700 4184.9
7800 4284.3
7900 4282.5
8000 4408.2
8100 4469.4
8200 4427.4
8300 4649.7
8400 4671.9
8500 4672
8600 4754.1
8700 4876.3
8800 4858.1
8900 4963.9
9000 5023.5
9100 4964
9200 5116.8
9300 5255.9
9400 5166.4
9500 5248.8
9600 5454
9700 5390
9800 5478.7
9900 5540.7
10000 5548.2
