500 1117.2
600 778.8
700 1112.5
800 397.4
900 558.9
1000 583.8
1100 695.4
1200 1125
1300 681.3
1400 731.9
1500 778.6
1600 826.8
1700 876
1800 973.5
1900 1089.2
2000 1172.7
2100 3142
2200 1265.5
2300 2277.6
2400 1265.3
2500 1457.7
2600 1460
2700 3846.5
2800 1590.2
2900 1715.1
3000 1670.1
3100 1752.1
3200 1795.6
3300 1875.1
3400 2053.7
3500 2065.9
3600 2830.4
3700 2960.3
3800 2335.9
3900 2229.3
4000 2284.9
4100 2435.6
4200 2461.9
4300 2568.4
4400 2620.2
4500 3659.4
4600 2725.3
4700 2762.8
4800 2831.5
4900 2985.7
5000 2919.9
5100 2935.8
5200 3041
5300 3117.9
5400 3114.7
5500 3114.7
5600 3212
5700 3309.3
5800 3423.5
5900 3496.9
6000 3504
6100 3804.4
6200 3714.1
6300 3699.9
6400 3818.4
6500 3884.7
6600 3893.1
6700 4080
6800 4095.7
6900 4087.4
7000 4185.3
7100 4275.4
7200 4240
7300 4452.5
7400 4467.9
7500 4514.5
7600 4604.3
7700 4699.4
7800 4672.4
7900 4686.2
8000 4796.3
8100 4869.8
8200 4980.4
8300 5086
8400 5080.2
8500 5063.3
8600 5328.6
8700 5352.7
8800 5360.9
8900 5456.7
9000 5666.8
9100 5555.8
9200 5584.9
9300 5762.7
9400 5742.7
9500 5839.6
9600 5860.5
9700 5929.8
9800 5956.6
9900 6034.6
10000 6132.7
