500 923.2
600 940.1
700 843.9
800 447
900 389.4
1000 389.6
1100 487.1
1200 677.7
1300 584.1
1400 738
1500 801.8
1600 772.6
1700 778.6
1800 876.6
1900 866.8
2000 1037.7
2100 2178
2200 1071.2
2300 3155.8
2400 1168
2500 1221.7
2600 1274.4
2700 3492.8
2800 1423.3
2900 1544.2
3000 1458.5
3100 1459.9
3200 1651.3
3300 1627.6
3400 1846
3500 2238.1
3600 2733.3
3700 1998.3
3800 1946.1
3900 1871.3
4000 2104.3
4100 2068.4
4200 2036.2
4300 2138.9
4400 2252.2
4500 2335.9
4600 2264.2
4700 2336
4800 2433.4
4900 2442
5000 2565.3
5100 2530.7
5200 2530.6
5300 2628
5400 2725.4
5500 2822.7
5600 2792.4
5700 2920
5800 2912.2
5900 3015.4
6000 3076.8
6100 3434.7
6200 3210.5
6300 3210.7
6400 3211.2
6500 3406.7
6600 3474.3
6700 3406.7
6800 3450.7
6900 3858.1
7000 3601.9
7100 3698.6
7200 3795.9
7300 3803.3
7400 3832.5
7500 4082.1
7600 3989.2
7700 4043.9
7800 4087.4
7900 4185.5
8000 4227.5
8100 4256.2
8200 4301.7
8300 4300.7
8400 4390.3
8500 4468.1
8600 4505.4
8700 4468.2
8800 4672.8
8900 5156.9
9000 4857
9100 4858.9
9200 4838.1
9300 4891.4
9400 5087.5
9500 5080.1
9600 5053.5
9700 5158.4
9800 5253.4
9900 5263.3
10000 5378.5
